[OPT]
Debug=0
Suwnd = 0
FrameDebug=0
Title=G-Wolves SKL Gaming Mouse
Ver=1.02
appdir=BY-COMBO3
TrayIcon = 2
MsFw=0x004
Txt_clr = 180,180,180
Btn_txt_clr_nr = 180,180,180
Btn_txt_clr_ov = 255,255,255
Btn_txt_clr_dn = 255,0,0
LstBox_bkg_clr = 14,15,17
LstBox_item_clr = 121,124,126
LstBox_txt_clr_nr = 180,180,180
LstBox_txt_clr_dn = 0,0,0
Menu_txt_clr_nr = 150,150,150
Menu_txt_clr_ov = 255,255,255
Menu_txt_clr_dn = 0,0,0
;clrMask=0,255,0
;MenuAlign=5
BtnTips = 0
ApplyNow=1
GoWithNoDev=0
;RGBBarDrop=0

NaviSpc=25
;DrvGpY=570
ProfileGpY=590
ptMsMarkDlg=370,40
ptVersion=170,775

MacroDir=1
MacroHasMsKey=0x07
MacOperBtn=1
MacProtocol=2

[MS]
VID= 0x258A
PID= 0x0027
Sensor = 0x3360
Pop=1
PopByte1=0
AutoSw=0
RgbSW=0
ShowLED=1
ShowLOD=0
ShowEffect=0
ShowDpiColor=1
;LedOpt6=0,0,0,0,10
SnipMenu=1,11,0,1,2,3,4,5,6,7,8,9,10
PSD=56,31,36,32
LEDParam=0,2,4,4,0,0x3F
;ShowReaction=1
ShowReportSw=1

ShowDebounce=8
DebounceVal=1,3,4,5,6,7,8

ShowLOD=1
LODBar=1
LODSet=20,30
LODHw=1,2
LODVal=20

ShowEx=0x0000
ExKey1=0x002E0021
GunColor=255,0,0, 0,0,255

MsParamLinkSys=1
ptSensitivity=0,0
ptDBClickSpeed=0,0
ptScrollLine=0,0
ptDebounce=648,60
ptUsbRate=648,131
ShowFixLine=16,172,60
DpiUILevels=4

LedOpt3=1,0,0,0,1

[SENSOR_1]
Sensor = 0x3360
DM=7
DPIH=14
DPI=400,800,1600,3200,5600,8000,12000
DC=255,0,0, 0,255,0, 0,0,255, 255,0,255, 255,255,0, 0,255,255, 0,255,40
DPISET=100,200,300,400,500,600,700,800,900,1000,1100,1200,1300,1400,1500,1600,1700,1800,1900,2000,2100,2200,2300,2400,2500,2600,2700,2800,2900,3000,3100,3200,3300,3400,3500,3600,3700,3800,3900,4000,4100,4200,4300,4400,4500,4600,4700,4800,4900,5000,5100,5200,5300,5400,5500,5600,5700,5800,5900,6000,6100,6200,6300,6400,6500,6600,6700,6800,6900,7000,7100,7200,7300,7400,7500,7600,7700,7800,7900,8000,8100,8200,8300,8400,8500,8600,8700,8800,8900,9000,9100,9200,9300,9400,9500,9600,9700,9800,9900,10000,10100,10200,10300,10400,10500,10600,10700,10800,10900,11000,11100,11200,11300,11400,11500,11600,11700,11800,11900,12000
DPIHW=0,1,2,3,4,5,6,7,8,9,10,11,12,13,14,15,16,17,18,19,20,21,22,23,24,25,26,27,28,29,30,31,32,33,34,35,36,37,38,39,40,41,42,43,44,45,46,47,48,49,50,51,52,53,54,55,56,57,58,59,60,61,62,63,64,65,66,67,68,69,70,71,72,73,74,75,76,77,78,79,80,81,82,83,84,85,86,87,88,89,90,91,92,93,94,95,96,97,98,99,100,101,102,103,104,105,106,107,108,109,110,111,112,113,114,115,116,117,118,119
DEFLEVEL=1
MDNUM=3
KM=14
K1_1=0x01,0x11,0x00,0x01
K2_1=0x01,0x13,0x00,0x02
K3_1=0x01,0x12,0x00,0x03
K4_1=0x01,0x14,0x00,0x05
K5_1=0x01,0x15,0x00,0x04
K6_1=0x08,0xAC,0x00,0x07
K7_1=0x08,0xAA,0x00,0x06
K8_1=0x08,0xA2,0x00,0x08
K9_1=0x08,0xA2,0x00,0x09
K10_1=0x08,0xA2,0x00,0x0A
DR=0x500
RATE1=0x125
RATE2=0x500
RATE3=0x1000
RATE4=0x00
;Mark1=174,79,30,30

[SENSOR_2]
Sensor = 0x3389
DM=7
DPIH=14
DPI=400,800,1600,2400,3200,6000,12000
DC=255,0,0, 0,255,0, 0,0,255, 255,255,0, 255,0,255, 0,255,255, 0,255,255
DPISET=100,200,300,400,500,600,700,800,900,1000,1100,1200,1300,1400,1500,1600,1700,1800,1900,2000,2100,2200,2300,2400,2500,2600,2700,2800,2900,3000,3100,3200,3300,3400,3500,3600,3700,3800,3900,4000,4100,4200,4300,4400,4500,4600,4700,4800,4900,5000,5100,5200,5300,5400,5500,5600,5700,5800,5900,6000,6100,6200,6300,6400,6500,6600,6700,6800,6900,7000,7100,7200,7300,7400,7500,7600,7700,7800,7900,8000,8100,8200,8300,8400,8500,8600,8700,8800,8900,9000,9100,9200,9300,9400,9500,9600,9700,9800,9900,10000,10100,10200,10300,10400,10500,10600,10700,10800,10900,11000,11100,11200,11300,11400,11500,11600,11700,11800,11900,12000
DPIHW=1,2,3,4,5,6,7,8,9,10,11,12,13,14,15,16,17,18,19,20,21,22,23,24,25,26,27,28,29,30,31,32,33,34,35,36,37,38,39,40,41,42,43,44,45,46,47,48,49,50,51,52,53,54,55,56,57,58,59,60,61,62,63,64,65,66,67,68,69,70,71,72,73,74,75,76,77,78,79,80,81,82,83,84,85,86,87,88,89,90,91,92,93,94,95,96,97,98,99,100,101,102,103,104,105,106,107,108,109,110,111,112,113,114,115,116,117,118,119,120
DEFLEVEL=1
MDNUM=3
KM=12
K1_1=0x01,0x11,0x00,0x01
K2_1=0x01,0x13,0x00,0x02
K3_1=0x01,0x12,0x00,0x03
K4_1=0x08,0xAA,0x00,0x06
K5_1=0x01,0x14,0x00,0x05
K6_1=0x01,0x15,0x00,0x04
K7_1=0x08,0xA2,0x00,0x07
K8_1=0x08,0xA2,0x00,0x08
K9_1=0x08,0xA2,0x00,0x09
K10_1=0x08,0xA2,0x00,0x0A
DR=0x500
RATE1=0x125
RATE2=0x500
RATE3=0x1000
RATE4=0x00
