Sensor = 0x3325
DM=6
DPI=800,1600,2400,3600,5000,10000
DC=255,0,0, 0,255,0, 0,0,255, 255,255,0, 0,255,255, 255,0,255
DPISET=200,300,400,500,600,700,800,900,1000,1100,1200,1300,1400,1500,1600,1700,1800,1900,2000,2100,2200,2300,2400,2500,2600,2700,2800,2900,3000,3100,3200,3300,3400,3500,3600,3700,3800,3900,4000,4100,4200,4300,4400,4500,4600,4700,4800,4900,5000,5500,6000,6500,7000,7500,8000,8500,9000,9500,10000
DPIHW=1,2,3,4,5,6,7,8,9,10,11,12,13,14,15,16,17,18,19,20,21,22,23,24,25,26,27,28,29,30,31,32,33,34,35,36,37,38,39,40,41,42,43,44,45,46,47,48,49,50,51,52,53,54,55,56,57,58,59
DEFLEVEL=1
MDNUM=3
KM=28
K1_1=0x01,0x11,0x00,0x01
K2_1=0x01,0x13,0x00,0x02
K3_1=0x01,0x12,0x00,0x03
K4_1=0x01,0x14,0x00,0x07
K5_1=0x01,0x15,0x00,0x08
K6_1=0x01,0x17,0x01,0x09
K7_1=0x08,0xA8,0x01,0x04
K8_1=0x08,0xA9,0x00,0x05
K9_1=0x02,0x31,0x00,0x0C
K10_1=0x02,0x33,0x00,0x0D
